20316
7431
55969
24370
62125
42143
63353
14795
34689
20172
5157
20330
16922
6573
62709
26977
6843
58071
235
13596
19210
54798
64801
8279
60101
58292
18400
32853
13245
45499
47533
2851
20715
10116
33990
2353
51820
18926
36145
61178
17277
11749
46320
40180
2529
56780
4527
14216
38441
40534
62982
28437
59583
36926
17765
26747
20976
27064
32569
16741
51191
19746
5733
12704
35268
60182
3805
41868
46325
21989
1409
45468
30634
23197
22503
26857
13267
48589
60105
65523
38117
63799
16047
58039
58206
12915
47351
63631
8701
38751
36296
11647
20671
29850
31919
17121
20489
10624
17731
11855